#
#
#  Percent Identity  Matrix - created by Clustal2.1 
#
#

     1: LMB211.1_002997        100.00  100.00   95.32   95.32   78.93   64.87   58.86   60.87   24.21   22.67   21.63   24.12   24.12   24.56   24.56   24.24   19.92   19.92   25.85
     2: LMB21.2_002078         100.00  100.00   95.32   95.32   78.93   64.87   58.86   60.87   24.21   22.67   21.63   24.12   24.12   24.56   24.56   24.24   19.92   19.92   25.85
     3: LMS411.1_001325         95.32   95.32  100.00  100.00   78.93   65.23   59.87   61.54   23.41   22.22   22.04   24.56   24.56   25.00   25.00   23.38   19.92   19.92   25.85
     4: LMS41.2_002646          95.32   95.32  100.00  100.00   78.93   65.23   59.87   61.54   23.41   22.22   22.04   24.56   24.56   25.00   25.00   23.38   19.92   19.92   25.85
     5: LMD111.1_004142         78.93   78.93   78.93   78.93  100.00   68.10   62.21   64.29   23.02   23.73   23.44   25.86   25.86   25.86   25.86   21.65   20.83   20.83   23.33
     6: LSP1311.1_002227        64.87   64.87   65.23   65.23   68.10  100.00   73.67   75.09   25.11   27.01   24.44   25.35   25.35   25.35   25.35   21.97   20.00   20.00   22.67
     7: LSP1311.1_002921        58.86   58.86   59.87   59.87   62.21   73.67  100.00   78.64   24.21   25.32   21.34   20.96   20.96   20.96   20.96   19.91   18.57   18.57   21.52
     8: LSP1311.1_003006        60.87   60.87   61.54   61.54   64.29   75.09   78.64  100.00   25.00   24.36   23.23   22.61   22.61   22.61   22.61   22.08   19.75   19.75   20.59
     9: Leaf15911.1_003396      24.21   24.21   23.41   23.41   23.02   25.11   24.21   25.00  100.00   30.84   21.76   23.66   23.66   24.55   24.55   20.26   22.84   22.84   21.12
    10: Root1433D111.1_001129   22.67   22.67   22.22   22.22   23.73   27.01   25.32   24.36   30.84  100.00   21.16   22.94   22.94   22.48   22.48   21.96   23.77   23.77   25.11
    11: LMI1211.1_004198        21.63   21.63   22.04   22.04   23.44   24.44   21.34   23.23   21.76   21.16  100.00   25.10   25.10   25.10   25.10   21.49   30.04   30.04   29.64
    12: LBA111.1_001340         24.12   24.12   24.56   24.56   25.86   25.35   20.96   22.61   23.66   22.94   25.10  100.00  100.00   95.60   95.60   23.95   28.92   28.92   26.91
    13: LBA11211.1_001341       24.12   24.12   24.56   24.56   25.86   25.35   20.96   22.61   23.66   22.94   25.10  100.00  100.00   95.60   95.60   23.95   28.92   28.92   26.91
    14: LBA311.1_7_003188       24.56   24.56   25.00   25.00   25.86   25.35   20.96   22.61   24.55   22.48   25.10   95.60   95.60  100.00  100.00   25.21   28.92   28.92   27.31
    15: LBA7111.1_005209        24.56   24.56   25.00   25.00   25.86   25.35   20.96   22.61   24.55   22.48   25.10   95.60   95.60  100.00  100.00   25.21   28.92   28.92   27.31
    16: LAR1211.1_000169        24.24   24.24   23.38   23.38   21.65   21.97   19.91   22.08   20.26   21.96   21.49   23.95   23.95   25.21   25.21  100.00   28.17   28.17   28.97
    17: Agrhizo211.1_004880     19.92   19.92   19.92   19.92   20.83   20.00   18.57   19.75   22.84   23.77   30.04   28.92   28.92   28.92   28.92   28.17  100.00  100.00   58.56
    18: LRH1311.1_003689        19.92   19.92   19.92   19.92   20.83   20.00   18.57   19.75   22.84   23.77   30.04   28.92   28.92   28.92   28.92   28.17  100.00  100.00   58.56
    19: LME311.1_000172         25.85   25.85   25.85   25.85   23.33   22.67   21.52   20.59   21.12   25.11   29.64   26.91   26.91   27.31   27.31   28.97   58.56   58.56  100.00
